D
   -0.6899    1.1525
   -0.3495    1.5917
    0.4014    1.0140
   -0.1276    1.4402
   -0.9331    1.0692
    0.0921    0.0187
   -0.3665   -0.2411
   -0.8853    0.0299
   -0.6856    0.5332
   -0.3941    1.9102
   -0.9926    1.8382
   -0.3197    0.4633
   -1.2582    2.2293
   -0.0461    0.1207
   -1.6724    0.3648
   -1.2893    1.0546
   -0.7159    0.6092
   -0.9811    0.3177
   -0.5604    0.9442
   -0.9233    0.4720
   -0.6864    1.1824
   -0.5029    0.9920
   -0.9935    0.5205
   -0.8154    0.6885
   -1.3313   -0.2913
   -0.5944    0.9665
   -1.2012    0.7646
   -0.8678    1.0710
    0.2016   -0.0216
   -0.9004   -0.1141
   -0.9644   -0.3987
   -0.1570   -0.3663
   -1.2669    0.6143
   -0.8815    1.3572
   -1.0092    0.9666
   -1.2010   -0.0056
   -1.2440    0.9695
   -1.0750    0.5728
   -1.0197    0.3829
    0.1212   -0.9755
   -0.6588    0.5177
   -0.9699   -0.0166
   -1.1210    1.2277
   -1.0482    0.5255
    0.3422    1.1660
   -1.0552    0.3211
   -0.0886    1.7932
    0.4329    0.7736
   -0.0279    0.6106
   -1.2306    0.7390
   -0.3034   -0.1684
   -0.6934    1.4255
   -0.7724    1.5267
   -0.4113    1.3269
   -0.9967    1.4092
   -0.9423    0.1774
   -1.2326    0.7655
   -0.3022    0.7310
   -0.2126    1.1387
   -0.9940    0.5821
   -0.3349    1.8021
   -0.0571    0.1022
   -0.0867    0.6816
    0.0892    1.0487
   -0.1886    0.9936
   -0.8601    1.3225
   -1.1269    1.2060
   -1.3899    0.3233
   -1.3666    0.2387
   -0.1227    1.0691
   -1.3129    0.0162
   -0.8239   -0.1759
   -0.5511    1.5967
   -0.7916   -0.0124
   -0.4162    0.5782
   -1.0792    1.0665
   -0.1358   -0.5024
   -0.8149   -0.0481
   -1.0707    0.8889
   -0.1497   -0.0281
   -1.4788   -2.2034
   -1.2814    0.3779
   -0.6241    0.9323
   -1.0144    0.8342
   -0.2136    1.9761
   -0.5195    0.0768
   -1.0854    1.0764
   -0.8112    0.4341
   -1.1212    0.9773
   -1.3851   -0.2439
   -0.0401    0.3246
   -0.8702    1.3031
   -0.4483   -0.5031
   -1.3258    0.3216
   -0.7839    1.8339
   -0.8662    1.2793
   -1.1379    1.1407
   -1.3607    0.4246
   -1.1791    0.0984
   -1.0196   -1.0598
   -1.1459    0.0901
   -0.8837    0.5565
   -1.4952    0.7701
   -1.1204    2.3623
   -1.3550    0.9095
   -0.2490    0.2745
   -0.5278    1.8199
   -0.9381    0.6880
   -0.8849    1.5820
    0.0977    1.0667
    0.7761    1.0184
   -0.8375    1.2087
   -0.4186    1.3582
   -0.6674    1.6669
   -1.1849    1.0604
   -1.4299    1.1740
   -0.6740    1.0114
   -1.6185    1.1956
   -1.2502    1.5784
   -1.2609    0.9383
   -1.2395    0.7903
   -1.3205    0.1033
   -0.4868    0.5484
   -1.0627    0.2934
   -1.4795    0.6873
   -1.0504   -0.1575
   -0.7397   -0.5609
   -1.3084    0.3113
   -0.5613   -0.3662
   -0.7571    1.2014
   -1.3095    1.2039
   -0.7245    0.1947
   -0.9260    1.5618
   -0.9816    1.1054
   -0.1331    0.3602
   -0.8115    0.5927
   -0.8914    0.5095
   -0.9420    1.1440
   -1.3902    1.7794
   -0.5558    1.1073
   -0.6253   -0.1960
    0.4462    1.7943
   -0.0367    2.3256
   -1.2251    0.5482
   -1.1603    0.3704
   -1.4659    0.7839
   -1.1267    1.0202
    0.9150   -0.7657
   -0.4603    1.6175
   -0.9043    1.9404
   -1.0642    0.5710
   -0.5361    1.4563
   -0.3529    1.5081
   -0.1588    1.3227
   -1.2948    1.1238
   -0.8259    1.0286
   -0.9241    0.8397
   -1.2280    0.4373
   -1.0344    0.9687
   -1.0180    0.4748
   -0.4606   -0.1764
   -0.2713    0.0606
   -0.6961    0.1418
   -0.2980    0.6648
    0.0346    1.5371
   -0.7533    2.0973
    1.0498   -0.0490
   -0.6846   -0.0140
   -0.5840    0.8905
   -0.7091   -0.2476
   -0.9454    0.4364
   -0.8413    1.0785
   -0.5439    0.1701
   -0.8609   -0.1535
   -1.4972    0.1097
   -1.3276    0.4613
   -1.4304    1.0996
   -1.4146    1.0742
    0.5288   -0.0793
   -0.8761    0.6886
   -1.2646    0.9331
    0.6351    0.5706
   -0.8693   -0.3514
   -0.6679    0.0026
   -1.7786    0.8590
   -0.0049    0.5580
   -0.7051   -0.2819
   -0.3190    0.1798
   -0.1503    1.3276
   -1.3289    0.3272
   -1.1981    0.9470
   -0.1069    0.3432
   -1.0728    1.2392
   -1.2765    1.0397
   -0.3824    1.3220
   -0.5435    1.7274
   -1.0430    1.4910
   -0.8698    0.2428
   -0.6941   -0.1677
   -0.3898    0.9943
   -1.0928    0.5047
   -1.1879    0.1921
   -0.4907    1.0177
   -0.0477    0.6848
   -0.4475    0.7388
   -0.4689    1.1099
   -0.9456   -0.1742
   -0.3685    0.8724
   -0.8839    0.4824
   -1.1123    0.9449
    0.2539    1.1416
    0.1846    0.9479
   -1.1597    1.2480
   -0.7231    0.0941
   -0.0783    0.4371
   -0.8607   -0.4788
   -1.1046   -0.0349
   -0.2204    0.2378
   -0.7600    0.0634
   -0.2938    1.5188
   -0.5402    1.0454
   -1.4057    0.4717
   -1.0968    0.2534
   -0.9454    1.8454
   -1.4507    0.6610
   -0.2579    1.2983
   -0.5245   -0.8896
   -0.4785   -0.1907
   -0.9445    0.5501
    0.0725    0.7799
   -0.0530    0.9609
   -0.2746    1.7074
   -1.2643    0.8516
   -1.1923   -0.5813
   -1.6115    0.2525
   -0.4714    1.0225
    0.5074    1.2371
   -0.0983   -0.1758
   -0.6371    1.4073
    0.2092    1.7383
   -0.7775   -2.6593
   -1.2463   -0.0634
   -1.4312    0.3179
   -0.1985   -0.2389
   -0.9384    0.4375
   -0.6195    0.5147
   -0.8211    1.5735
   -0.8694   -0.1018
   -0.5054    0.5275
   -1.2933    0.4042
   -0.4780   -0.1140
   -1.4090    0.3183
   -0.8218    0.7697
   -1.0121    0.8101
   -0.2832    0.0634
   -1.1415    0.1400
   -0.7707   -0.7699
   -1.2556    0.6181
   -0.9763    0.6946
   -1.0205    1.0955
   -0.4935    0.2385
   -0.2793   -0.0092
    1.2485   -0.8847
    0.0985   -1.6876
    0.1486   -1.4669
    1.1180   -0.3291
    0.9649   -0.2588
    0.8971   -1.5193
    0.7370    0.0527
    0.9404   -0.7882
    1.2476   -1.5286
    0.5939   -0.6172
    1.1437   -1.0208
    1.3164   -1.0774
    1.5024   -1.0942
    1.1313   -1.0142
    1.2298   -0.6687
    0.2824   -0.5552
    0.9762   -0.7002
    0.9196   -1.3917
    1.6304   -0.9161
    0.8995   -0.8286
    0.3592   -1.4353
    0.7990   -1.7533
    1.4889   -1.7106
    2.1555   -0.3133
    1.0985    0.2165
    1.1625   -1.4846
    0.9783   -0.8829
    1.6030   -0.3359
    2.5736   -0.7876
    0.4510   -1.2275
    1.7971   -0.3897
    0.6764   -1.7662
    0.8695   -1.1843
    0.9273   -1.3530
    1.3763   -1.2220
    0.3414   -0.9421
    1.0610   -0.9264
    0.1075   -0.3775
    1.2571   -1.4665
    0.9741   -1.0032
    1.5931   -1.1212
    0.9857   -0.7877
    1.4666    0.1659
    1.3310   -0.2270
    1.0122   -1.7258
    1.6480   -0.1893
    1.1292   -1.4276
    0.3414   -0.8817
    0.9165   -0.8295
    0.7080   -1.0566
    1.7934   -1.6043
    0.3419   -0.6978
    0.7630   -1.3087
    1.2814    0.3054
    0.9319   -0.7036
    0.8057   -1.3263
    0.6035   -1.0068
    0.4070   -1.2091
    1.5693   -0.0482
    1.9224   -0.6444
    0.4921   -0.8080
    0.9721   -0.6201
    1.5929   -0.6809
    1.0538   -0.7139
    0.4286   -0.2542
    0.6904   -1.0523
    1.4045   -1.2460
    1.4162   -1.2213
    1.1693   -1.1910
    1.6035   -0.5480
    0.9389   -1.0506
    0.6171   -1.5589
    1.5136   -1.4533
    1.0540   -1.4136
    1.4748   -1.4140
    0.7973   -0.8117
    1.3293   -0.9702
    1.2305   -1.3304
    1.2681   -1.1299
    2.2560   -0.8740
    0.4705   -0.5092
    1.5736   -1.0816
    1.0711   -1.0084
    1.6663   -0.8933
    0.9774   -0.3489
    0.2702    0.3978
    0.2683   -0.8341
   -0.0216   -1.0000
    0.5761   -1.2184
    1.0004   -1.1384
    1.5627   -0.1624
    2.1462   -0.0743
    0.7857   -0.8544
    1.9652   -0.3612
    0.7932   -1.8466
    0.9940   -1.1245
    1.4781   -1.0111
    1.6608   -1.0335
    0.9843   -1.8092
    0.9435   -1.8454
    1.4655   -0.9110
    1.1231   -1.4313
    0.8224   -1.0850
    0.0951   -0.8121
    1.5941    0.0457
    0.8316   -0.9072
    0.9782   -1.7237
    0.8855    0.0374
    0.7436   -0.0606
    0.6970   -0.5647
    0.9399    0.2361
    1.7730   -0.6560
    1.0415   -1.1328
    1.3530    0.5652
    0.4880   -0.5623
    0.8877   -1.1901
    0.9116   -1.1426
    0.9301   -0.8405
    0.6220   -0.9436
    0.9282   -0.7615
    1.1179   -1.1966
    0.8569    0.2302
    1.2806   -1.1929
    0.8423   -0.9855
    0.0368   -0.8475
    0.1030   -1.0277
    0.9540   -1.2123
    0.5566   -0.4347
    0.9877   -0.5453
    1.3449   -0.2934
    1.3354   -0.6566
    1.0610   -1.3671
    0.5986   -0.4554
    1.9148   -0.9935
    0.8480   -1.4014
    1.1191   -1.1383
    1.5365   -1.3935
    0.4810   -1.3317
    0.2410   -0.8538
    0.9932   -0.8592
    1.1747   -0.7979
    1.8952   -0.8389
    1.2152   -0.6341
    0.6816   -1.5393
    1.0213   -0.2355
    1.2130   -0.4325
    0.5846   -1.1457
    1.0196   -1.1259
    1.2409   -1.6370
    0.1880   -0.8599
    1.0454   -1.0756
    0.5742   -0.8986
    0.9661   -1.1602
    1.0395   -1.0815
    1.0014   -1.3415
    0.9568   -1.3076
    1.7018   -1.2270
    0.6569   -1.2619
    1.1924   -1.1316
    1.3579   -1.2020
    0.8281   -1.7034
    1.7598   -0.3773
    1.1056   -0.7711
    0.9072   -1.0816
    1.0959   -1.3136
    0.7653   -1.1552
    1.2857   -1.4128
    0.4908   -1.4572
    0.7748   -0.8827
    1.2983   -1.4578
    1.8006   -0.0076
    1.1261   -1.5057
    0.9989   -0.5656
    0.2612    0.5641
    0.7963   -0.5510
    0.4200   -0.9108
    0.8105    0.1195
    0.5182   -1.3707
    1.0561   -1.0802
    0.9480   -0.6811
    0.9161   -1.3482
    2.5274   -0.2980
    0.4191   -0.6182
    0.9739   -1.4150
    0.5191   -1.0542
    1.1994   -1.7292
    1.1159   -1.4536

L
0
     0
     0
     0
     0
     0
     0
     0
     0
     0
     0
     0
     0
     0
     0
     0
     0
     0
     0
     0
     0
     0
     0
     0
     0
     0
     0
     0
     0
     0
     0
     0
     0
     0
     0
     0
     0
     0
     0
     0
     0
     0
     0
     0
     0
     0
     0
     0
     0
     0
     0
     0
     0
     0
     0
     0
     0
     0
     0
     0
     0
     0
     0
     0
     0
     0
     0
     0
     0
     0
     0
     0
     0
     0
     0
     0
     0
     0
     0
     0
     0
     0
     0
     0
     0
     0
     0
     0
     0
     0
     0
     0
     0
     0
     0
     0
     0
     0
     0
     0
     0
     0
     0
     0
     0
     0
     0
     0
     0
     0
     0
     0
     0
     0
     0
     0
     0
     0
     0
     0
     0
     0
     0
     0
     0
     0
     0
     0
     0
     0
     0
     0
     0
     0
     0
     0
     0
     0
     0
     0
     0
     0
     0
     0
     0
     0
     0
     0
     0
     0
     0
     0
     0
     0
     0
     0
     0
     0
     0
     0
     0
     0
     0
     0
     0
     0
     0
     0
     0
     0
     0
     0
     0
     0
     0
     0
     0
     0
     0
     0
     0
     0
     0
     0
     0
     0
     0
     0
     0
     0
     0
     0
     0
     0
     0
     0
     0
     0
     0
     0
     0
     0
     0
     0
     0
     0
     0
     0
     0
     0
     0
     0
     0
     0
     0
     0
     0
     0
     0
     0
     0
     0
     0
     0
     0
     0
     0
     0
     0
     0
     0
     0
     0
     0
     0
     0
     0
     0
     0
     0
     0
     0
     0
     0
     0
     0
     0
     0
     0
     0
     0
     0
     0
     0
     0
     0
     0
     0
     0
     0
     0
     0
     1
     1
     1
     1
     1
     1
     1
     1
     1
     1
     1
     1
     1
     1
     1
     1
     1
     1
     1
     1
     1
     1
     1
     1
     1
     1
     1
     1
     1
     1
     1
     1
     1
     1
     1
     1
     1
     1
     1
     1
     1
     1
     1
     1
     1
     1
     1
     1
     1
     1
     1
     1
     1
     1
     1
     1
     1
     1
     1
     1
     1
     1
     1
     1
     1
     1
     1
     1
     1
     1
     1
     1
     1
     1
     1
     1
     1
     1
     1
     1
     1
     1
     1
     1
     1
     1
     1
     1
     1
     1
     1
     1
     1
     1
     1
     1
     1
     1
     1
     1
     1
     1
     1
     1
     1
     1
     1
     1
     1
     1
     1
     1
     1
     1
     1
     1
     1
     1
     1
     1
     1
     1
     1
     1
     1
     1
     1
     1
     1
     1
     1
     1
     1
     1
     1
     1
     1
     1
     1
     1
     1
     1
     1
     1
     1
     1
     1
     1
     1
     1
     1
     1
     1
     1
     1
     1
     1
     1
     1
     1
     1
     1
     1
     1
     1
     1
     1
     1
     1
     1
     1
     1
     1
     1
     1
     1
     1
     1
     1
     1
     1
     1
     1
     1
     1
     1
     1