D
 119.0747  508.9178
   83.9785  556.5480
  177.8086  548.5215
  209.9618  694.9532
  116.3466  695.6109
  111.3735  600.4050
  137.2751  611.6955
  107.3147  613.8630
  109.5862  608.9627
  103.9572  568.5577
  102.6001  647.8421
  202.4610  692.5464
  110.8451  677.0977
   61.1419  656.1451
  143.3912  588.3588
  120.7144  569.6011
  116.4987  622.8218
  100.6639  615.3085
   88.9681  625.5053
  192.9152  843.4450
  111.9180  651.4733
  122.8255  601.5751
   99.7729  569.6497
  115.8190  655.1876
  110.7120  598.7638
  108.7253  569.0009
   98.8385  625.1710
   72.2835  601.2583
   61.6036  680.4910
  185.6006  685.6611
  148.5835  742.5438
  121.0847  681.9280
  145.1800  633.4026
  119.6720  563.2628
   81.3690  619.8382
  147.9666  747.5469
  159.7399  674.2148
  157.2454  753.2934
  211.1524  732.9207
   91.5592  589.0093

L
     1
     1
     0
     0
     1
     1
     1
     1
     1
     1
     1
     0
     1
     1
     1
     1
     1
     1
     1
     0
     1
     1
     1
     1
     1
     1
     1
     1
     1
     0
     0
     1
     1
     1
     1
     0
     0
     0
     0
     1