0
3.488116205
3.7891462
3.965237459
4.090176196
4.187086209
4.266267455
4.333214245
4.391206192
4.442358714
4.488116205
4.52950889
4.567297451
4.602059557
4.63424424
4.664207464
4.692236187
4.718565126
4.74338871
4.766869806
4.7891462
4.810335499
4.830538886
4.849844041
4.868327446
4.886056213
4.903089553
4.919479969
4.935274236
4.950514203
4.965237459
4.979477899
4.993266183
5.006630145
5.019595122
5.032184249
5.044418705
5.056317929
5.067899801
5.079180812
5.090176196
5.100900061
5.111365495
5.12158466
5.131568881
5.141328719
5.150874036
5.160214063
5.169357442
5.178312285
5.187086209