0
2.488116628
2.789146624
2.965237883
3.090176619
3.187086632
3.266267879
3.333214668
3.391206615
3.442359138
3.488116628
3.529509313
3.567297874
3.60205998
3.634244664
3.664207887
3.692236611
3.71856555
3.743389133
3.766870229
3.789146624
3.810335923
3.830539309
3.849844464
3.86832787
3.886056637
3.903089976
3.919480392
3.93527466
3.950514626
3.965237883
3.979478322
3.993266606
4.006630568
4.019595545
4.032184673
4.044419129
4.056318352
4.067900225
4.079181235
4.090176619
4.100900485
4.111365919
4.121585084
4.131569305
4.141329142
4.15087446
4.160214486
4.169357866
4.178312708
4.187086632